0.1	0.1	0.1	8.361597E-05	0.00314989	0.002178182	97411.56	320.0048
0.1	2	0.1	3.60425E-05	0.0049113	0.002899875	97412.33	320.1636
0.1	4	0.1	0.0001446493	0.005822755	0.00189772	97414.59	320.1661
0.1	6	0.1	0.0002261927	0.003921926	0.001177123	97418.41	320.1563
0.1	8	0.1	0.0007858117	0.003819245	0.002716579	97425.25	320.1594
0.1	10	0.1	0.0007096803	-0.001206361	0.0024395	97433.08	320.1632
0.1	12	0.1	0.0006635197	-0.005342964	0.002808136	97441.75	320.1469
0.1	14	0.1	0.000670309	-0.005876981	0.00372035	97449.55	320.174
0.1	16	0.1	0.0003887267	-0.005016125	0.002702272	97453.99	320.1464
0.1	17.9	0.1	0	0	0	97455.74	320.127
2	0.1	0.1	-0.03288696	0.00431035	0.002921043	97413.64	320.1595
2	2	0.1	-0.032306	0.008425667	0.003135287	97414.42	320.2591
2	4	0.1	-0.02188522	0.01006485	0.002480162	97416.53	320.2657
2	6	0.1	-0.01412421	0.008947633	0.0019662	97420.13	320.2612
2	8	0.1	-0.01467561	0.006146186	0.002844972	97426.77	320.2592
2	10	0.1	-0.01368283	-0.002896103	0.00265997	97434.89	320.2508
2	12	0.1	-0.01939967	-0.007519173	0.002847192	97444.09	320.2369
2	14	0.1	-0.02673599	-0.00654362	0.003530441	97452.23	320.2558
2	16	0.1	-0.02249402	-0.005364415	0.002816967	97456.66	320.2198
2	17.9	0.1	0	0	0	97458.38	320.1934
4	0.1	0.1	-0.0771988	0.007049215	0.002416236	97420.23	320.1522
4	2	0.1	-0.06981127	0.02160082	0.003236423	97420.97	320.2561
4	4	0.1	-0.04594003	0.01672673	0.002603161	97422.6	320.2737
4	6	0.1	-0.03015436	0.01702759	0.00202791	97425.24	320.2696
4	8	0.1	-0.02229254	0.01555491	0.002849185	97430.73	320.2692
4	10	0.1	-0.02288432	-0.01125825	0.002644697	97439.78	320.2607
4	12	0.1	-0.04339725	-0.01428478	0.00285563	97451.42	320.2262
4	14	0.1	-0.05673292	-0.007999907	0.00358358	97460.34	320.2369
4	16	0.1	-0.04636795	-0.005401195	0.002876363	97464.55	320.2198
4	17.9	0.1	0	0	0	97466.15	320.1982
6	0.1	0.1	-0.1316186	0.1650378	0.103137	97429.68	320.1238
6	2	0.1	-0.1030395	0.05223228	0.002710198	97431.38	320.2464
6	4	0.1	-0.07007632	0.02104885	0.002812636	97432.5	320.2633
6	6	0.1	-0.06847157	0.01297544	0.002217685	97433.73	320.2606
6	8	0.1	0	0	0	97433.61	320.2425
6	10	0.1	0	0	0	97443.87	320.2339
6	12	0.1	-0.08051965	-0.01193587	0.003004914	97465.63	320.2261
6	14	0.1	-0.09001956	-0.005622225	0.003768886	97473.48	320.241
6	16	0.1	-0.07099616	-0.004493267	0.003004201	97476.77	320.2122
6	17.9	0.1	0	0	0	97478.06	320.191
8	0.1	0.1	0.03555892	0.2010688	0.1922248	97443.45	320.098
8	2	0.1	-0.08427673	0.04003131	0.003399346	97444.73	320.2137
8	4	0.1	-0.08620622	0.0151706	0.003090119	97445.69	320.2174
8	6	0.1	-0.07854184	0.003819404	0.002501087	97446.62	320.2108
8	8	0.1	0	0	0	97327.94	320
8	10	0.1	0	0	0	97337.03	320
8	12	0.1	-0.1065138	0.0002667744	0.003349358	97486.28	320.2646
8	14	0.1	-0.1220788	0.001142085	0.004121476	97489.61	320.2589
8	16	0.1	-0.09478968	-0.002114511	0.003248075	97491.56	320.2189
8	17.9	0.1	0	0	0	97492.42	320.197
10	0.1	0.1	-0.09056493	0.004450268	0.004292728	97458.79	320.1296
10	2	0.1	-0.1192316	0.01183454	0.00441901	97459.55	320.2147
10	4	0.1	-0.109826	0.005581347	0.003562481	97460.88	320.2092
10	6	0.1	-0.09873942	-0.0002618734	0.00292274	97462.34	320.1796
10	8	0.1	0	0	0	97329.62	320
10	10	0.1	0	0	0	97339	320
10	12	0.1	-0.1388355	0.007957071	0.003937706	97503.39	320.2849
10	14	0.1	-0.1559354	0.01051893	0.00476907	97505.47	320.2746
10	16	0.1	-0.1189951	0.002178948	0.003723934	97506.64	320.2533
10	17.9	0.1	0	0	0	97507.17	320.2302
12	0.1	0.1	0.2410728	0.00245084	0.003524648	97472.52	320.2289
12	2	0.1	-0.1506036	0.003965233	0.004974145	97473.59	320.3559
12	4	0.1	-0.1046429	-0.001248699	0.003299786	97475.75	320.3117
12	6	0.1	-0.07503824	-0.005988074	0.002109203	97479.05	320.265
12	8	0.1	0.04146995	0.01434033	0.00373631	97494.45	320.1184
12	10	0.1	0.03643633	-0.03958373	0.003563875	97510.84	320.1571
12	12	0.1	-0.1818864	0.02886515	0.004997136	97516.61	320.4385
12	14	0.1	-0.1857902	0.02441528	0.005857273	97518.53	320.4818
12	16	0.1	-0.1278166	0.008801023	0.004150641	97519.59	320.4294
12	17.9	0.1	0	0	0	97519.88	320.3618
14	0.1	0.1	-0.1863675	0.001948752	0.005846879	97484.72	320.1547
14	2	0.1	-0.2232099	0.01333715	0.006828414	97485.89	320.2294
14	4	0.1	-0.1649099	-0.006050539	0.005190013	97488.95	320.2293
14	6	0.1	-0.1250076	-0.02584261	0.004193916	97495.16	320.2271
14	8	0.1	-0.1030753	-0.01536181	0.007785696	97510.86	320.2947
14	10	0.1	-0.09301967	0.06503726	0.006964735	97521.23	320.321
14	12	0.1	-0.2155501	0.05858653	0.006903738	97525.05	320.2841
14	14	0.1	-0.2249185	0.04200385	0.007393944	97527.99	320.3253
14	16	0.1	-0.1682159	0.02879055	0.005196035	97529.25	320.3095
14	17.9	0.1	0	0	0	97529.44	320.2796
16	0.1	0.1	-0.3485218	-0.009215851	0.01018184	97494.27	320.134
16	2	0.1	-0.3972099	0.1338557	0.006009899	97494.66	320.2255
16	4	0.1	-0.2922828	-0.05227297	0.007165163	97497.88	320.2356
16	6	0.1	-0.2177198	0.02676622	0.005137708	97504.16	320.232
16	8	0.1	-0.3740954	-0.03730458	0.002942353	97515.1	320.2515
16	10	0.1	-0.2136342	0.03473189	0.009399845	97523.23	320.2946
16	12	0.1	-0.3702929	0.08075664	0.002523817	97529.56	320.2988
16	14	0.1	-0.2709884	0.02052263	0.01093853	97533.42	320.3463
16	16	0.1	-0.302779	0.1741334	0.001605017	97534.94	320.3307
16	17.9	0.1	0	0	0	97534.25	320.2982
17.9	0.1	0.1	0	0	0	97497.97	320.1451
17.9	2	0.1	0	0	0	97494.12	320.2101
17.9	4	0.1	0	0	0	97498.67	320.218
17.9	6	0.1	0	0	0	97502.72	320.2174
17.9	8	0.1	0	0	0	97513.87	320.2306
17.9	10	0.1	0	0	0	97521.06	320.2688
17.9	12	0.1	0	0	0	97527.74	320.2786
17.9	14	0.1	0	0	0	97532.64	320.3182
17.9	16	0.1	0	0	0	97532.38	320.309
17.9	17.9	0.1	0	0	0	97533.03	320.2743
0.1	0.1	1.444444	-9.251585E-05	0.004461897	0.01730817	97411.5	320.1942
0.1	2	1.444444	-0.0001347657	0.00558032	0.0168516	97412.32	320.2811
0.1	4	1.444444	6.743339E-05	0.008261886	0.01292601	97414.67	320.2825
0.1	6	1.444444	0.0003011619	0.007195917	0.009928142	97418.59	320.2741
0.1	8	1.444444	0.0007486325	0.004319996	0.01350918	97425.42	320.2698
0.1	10	1.444444	0.0007287929	-0.001820439	0.01222376	97433.27	320.2756
0.1	12	1.444444	0.000538145	-0.00578403	0.0116115	97441.82	320.254
0.1	14	1.444444	0.0005515979	-0.006692073	0.01570268	97449.54	320.2753
0.1	16	1.444444	0.0003283841	-0.006054055	0.01223301	97453.95	320.234
0.1	17.9	1.444444	0	0	0	97455.64	320.176
2	0.1	1.444444	-0.03827555	0.004707646	0.01991056	97413.68	320.2733
2	2	1.444444	-0.06481446	0.01647856	0.0286816	97414.49	320.3342
2	4	1.444444	-0.05513205	0.02431036	0.02501195	97416.66	320.3476
2	6	1.444444	-0.04437789	0.02545099	0.02147242	97420.31	320.3417
2	8	1.444444	-0.03153948	0.01226574	0.02004178	97426.98	320.3349
2	10	1.444444	-0.03031275	-0.004862363	0.01861501	97435.09	320.3279
2	12	1.444444	-0.03809381	-0.01439445	0.01843468	97444.2	320.3036
2	14	1.444444	-0.04393195	-0.01226318	0.01986909	97452.25	320.3177
2	16	1.444444	-0.04563942	-0.008435037	0.01844329	97456.65	320.2805
2	17.9	1.444444	-0.0192103	0.001109612	0.005433054	97458.34	320.2174
4	0.1	1.444444	-0.0883092	0.007542441	0.03300162	97420.36	320.2687
4	2	1.444444	-0.1385403	0.03540214	0.04038527	97421.08	320.335
4	4	1.444444	-0.114015	0.03920933	0.03097755	97422.81	320.3577
4	6	1.444444	-0.09380993	0.04633844	0.02471021	97425.52	320.3527
4	8	1.444444	-0.0489171	0.02914338	0.0204795	97431.04	320.348
4	10	1.444444	-0.04763989	-0.01851707	0.0186853	97440.09	320.3411
4	12	1.444444	-0.08114082	-0.0285849	0.0199703	97451.53	320.2949
4	14	1.444444	-0.0925974	-0.01537244	0.02215201	97460.36	320.305
4	16	1.444444	-0.09304374	-0.008921325	0.02063914	97464.55	320.2864
4	17.9	1.444444	-0.03832241	0.001067839	0.006185773	97466.14	320.2225
6	0.1	1.444444	-0.2146146	0.2826057	0.2670235	97430.52	320.2073
6	2	1.444444	-0.200966	0.09362565	0.06730393	97431.56	320.3201
6	4	1.444444	-0.1702821	0.05388315	0.04140477	97432.77	320.3419
6	6	1.444444	-0.1888217	0.056342	0.03297059	97434.08	320.3387
6	8	1.444444	0.001273381	0.02559338	0.007121553	97433.94	320.274
6	10	1.444444	0.002677275	-0.01592519	0.006147347	97444.19	320.2726
6	12	1.444444	-0.164115	-0.04248169	0.02507849	97465.64	320.2897
6	14	1.444444	-0.1467849	-0.01301106	0.02703369	97473.41	320.2962
6	16	1.444444	-0.1416274	-0.007355927	0.02485308	97476.73	320.2751
6	17.9	1.444444	-0.05734348	0.001150007	0.007606446	97478.04	320.2133
8	0.1	1.444444	0.124328	0.3498779	0.3955749	97444.28	320.1614
8	2	1.444444	-0.1703539	0.1036747	0.07699777	97444.89	320.2751
8	4	1.444444	-0.2096982	0.04564187	0.05188099	97445.97	320.2812
8	6	1.444444	-0.2270161	0.01998934	0.04595075	97447	320.2728
8	8	1.444444	0	0	0	97335.28	320
8	10	1.444444	0	0	0	97341.23	320
8	12	1.444444	-0.2127493	-0.0001909962	0.03608474	97485.92	320.3274
8	14	1.444444	-0.1988184	-0.002789644	0.03577421	97489.39	320.317
8	16	1.444444	-0.1895258	-0.002313954	0.03215434	97491.45	320.2816
8	17.9	1.444444	-0.07665455	0.001423983	0.01010946	97492.36	320.222
10	0.1	1.444444	-0.1128667	0.004395625	0.04548467	97458.91	320.2282
10	2	1.444444	-0.2374484	0.0296238	0.07196552	97459.63	320.2728
10	4	1.444444	-0.2656254	0.02078494	0.06448005	97461.11	320.2542
10	6	1.444444	-0.2837043	0.006678308	0.06303234	97462.67	320.2296
10	8	1.444444	0	0	0	97337.33	320
10	10	1.444444	0	0	0	97343.15	320
10	12	1.444444	-0.274077	0.01114982	0.05289111	97502.88	320.3523
10	14	1.444444	-0.2528786	0.01197692	0.05065943	97505.11	320.3435
10	16	1.444444	-0.2377536	0.006560648	0.04503109	97506.45	320.3303
10	17.9	1.444444	-0.09620811	0.001866036	0.01444119	97507.03	320.2589
12	0.1	1.444444	0.3405581	0.003546701	0.05419256	97472.63	320.3275
12	2	1.444444	-0.3378247	0.01006399	0.09346923	97473.58	320.4196
12	4	1.444444	-0.3468214	0.000152156	0.0908214	97475.95	320.3755
12	6	1.444444	-0.3730179	-0.02139047	0.09295198	97479.46	320.3409
12	8	1.444444	0.05098899	0.01782685	0.05331739	97494.38	320.1736
12	10	1.444444	0.04758287	-0.04956119	0.0470239	97510.39	320.2339
12	12	1.444444	-0.3780754	0.05063625	0.08443765	97516.03	320.5181
12	14	1.444444	-0.3165724	0.03741209	0.07796369	97518.11	320.5823
12	16	1.444444	-0.2916315	0.02257892	0.06817123	97519.34	320.5438
12	17.9	1.444444	-0.1306197	0.002950332	0.02499458	97519.72	320.4648
14	0.1	1.444444	-0.2298087	0.002108169	0.0899656	97484.61	320.249
14	2	1.444444	-0.4770499	0.01971204	0.1644952	97485.73	320.2738
14	4	1.444444	-0.453278	-0.01074842	0.1578676	97488.97	320.2799
14	6	1.444444	-0.4449643	-0.06719507	0.1621615	97495.33	320.2773
14	8	1.444444	-0.1806152	-0.09225263	0.1970898	97510.53	320.3409
14	10	1.444444	-0.1856381	0.1679362	0.1913226	97520.68	320.3886
14	12	1.444444	-0.4253232	0.1281414	0.1552381	97524.5	320.3748
14	14	1.444444	-0.3962917	0.07045113	0.1387342	97527.56	320.424
14	16	1.444444	-0.3714863	0.06054203	0.1216885	97528.99	320.4053
14	17.9	1.444444	-0.1614285	0.006046292	0.04647063	97529.2	320.3143
16	0.1	1.444444	-0.3902353	-0.01825175	0.2413219	97493.86	320.2341
16	2	1.444444	-0.89653	0.1820437	0.4300147	97494.3	320.2873
16	4	1.444444	-0.6394644	-0.1150475	0.357217	97497.7	320.3014
16	6	1.444444	-0.7130008	0.1036164	0.3716251	97504.03	320.2993
16	8	1.444444	-0.7855266	-0.124708	0.4199474	97514.76	320.3252
16	10	1.444444	-0.4764841	0.1339761	0.347737	97522.69	320.3905
16	12	1.444444	-0.8285837	0.09497044	0.393187	97529.16	320.3945
16	14	1.444444	-0.4808121	0.03549605	0.3081143	97532.98	320.4513
16	16	1.444444	-0.7374446	0.276455	0.3344815	97534.71	320.4315
16	17.9	1.444444	-0.117267	0.02639479	0.07492211	97534.02	320.3362
17.9	0.1	1.444444	0	0	0	97497.34	320.2008
17.9	2	1.444444	-3.484094	-3.323177	0.0851187	97495.16	320.0866
17.9	4	1.444444	-0.04339653	-0.6024517	0.2335142	97497.66	320.2323
17.9	6	1.444444	-3.431688	-3.242404	0.09595325	97505.03	320.1115
17.9	8	1.444444	-2.699663	-3.48933	0.1022017	97511.05	320.1317
17.9	10	1.444444	-1.213208	-1.075892	0.05175171	97519.17	320.2811
17.9	12	1.444444	-3.427501	-3.603459	0.08093794	97529.15	320.1315
17.9	14	1.444444	0.002873367	-0.2775548	0.1384991	97531.3	320.3775
17.9	16	1.444444	-3.483104	-3.310666	0.06592683	97534.05	320.1375
17.9	17.9	1.444444	0.0417913	0.1277812	0.06242942	97532.66	320.2152
0.1	0.1	2.888889	7.093896E-05	0.004837185	0.03305304	97411.61	320.1864
0.1	2	2.888889	-7.612313E-07	0.005079849	0.03084027	97412.48	320.2742
0.1	4	2.888889	0.0001740384	0.008181216	0.02468546	97414.91	320.2868
0.1	6	2.888889	0.0003978196	0.007371368	0.01956133	97418.92	320.2777
0.1	8	2.888889	0.0008435104	0.003727279	0.02496253	97425.8	320.2714
0.1	10	2.888889	0.0008293028	-0.002375826	0.02271301	97433.56	320.2745
0.1	12	2.888889	0.0006066503	-0.006157469	0.02029377	97441.92	320.2384
0.1	14	2.888889	0.0006894508	-0.007342837	0.02792943	97449.45	320.2516
0.1	16	2.888889	0.0004401813	-0.006758903	0.02209361	97453.73	320.2229
0.1	17.9	2.888889	0	0	0	97455.38	320.1753
2	0.1	2.888889	-0.03692625	0.004698225	0.03567315	97413.82	320.2698
2	2	2.888889	-0.05852002	0.01363105	0.05293186	97414.67	320.3331
2	4	2.888889	-0.05134505	0.02114893	0.04788869	97416.94	320.3538
2	6	2.888889	-0.04238668	0.02247394	0.04248448	97420.73	320.3468
2	8	2.888889	-0.03132754	0.01011135	0.03819998	97427.47	320.3379
2	10	2.888889	-0.03038966	-0.005359359	0.03587984	97435.45	320.3306
2	12	2.888889	-0.03726941	-0.01426846	0.03554029	97444.29	320.2919
2	14	2.888889	-0.04237339	-0.01223053	0.0365146	97452.13	320.3001
2	16	2.888889	-0.04416677	-0.008839542	0.03518188	97456.42	320.2773
2	17.9	2.888889	-0.01646302	0.000943698	0.01146783	97458.08	320.2155
4	0.1	2.888889	-0.07867239	0.006058767	0.05419962	97420.53	320.2718
4	2	2.888889	-0.1206226	0.02528628	0.07027297	97421.27	320.3403
4	4	2.888889	-0.1054299	0.03256941	0.05778521	97423.17	320.3637
4	6	2.888889	-0.08860482	0.04072203	0.04801719	97426.14	320.3575
4	8	2.888889	-0.04905519	0.02490256	0.03724299	97431.88	320.3501
4	10	2.888889	-0.04842773	-0.01778758	0.03431671	97440.69	320.3436
4	12	2.888889	-0.07851353	-0.02697569	0.03810711	97451.56	320.2925
4	14	2.888889	-0.08897766	-0.015197	0.04079635	97460.08	320.3032
4	16	2.888889	-0.08973572	-0.009293554	0.03938261	97464.19	320.2852
4	17.9	2.888889	-0.03269947	0.0008899645	0.01278204	97465.77	320.2209
6	0.1	2.888889	-0.1203754	0.01163252	0.1283575	97431.05	320.2614
6	2	2.888889	-0.1701332	0.04980364	0.1054897	97431.72	320.3265
6	4	2.888889	-0.1582731	0.04184632	0.07507471	97433.17	320.3492
6	6	2.888889	-0.1751837	0.04903293	0.06417304	97434.87	320.3451
6	8	2.888889	0.001018088	0.02063636	0.01388145	97435.05	320.275
6	10	2.888889	0.002249978	-0.01361299	0.01205292	97444.94	320.2744
6	12	2.888889	-0.153845	-0.03975512	0.0478524	97465.14	320.2804
6	14	2.888889	-0.13965	-0.01374231	0.0497465	97472.76	320.2905
6	16	2.888889	-0.1357366	-0.008097466	0.04726308	97476.13	320.2745
6	17.9	2.888889	-0.04862292	0.0009320251	0.01520037	97477.47	320.2122
8	0.1	2.888889	-0.09144312	0.008759886	0.1068294	97444.3	320.2283
8	2	2.888889	-0.1803252	0.05026083	0.1221547	97444.92	320.2792
8	4	2.888889	-0.1989856	0.03506948	0.09423172	97446.27	320.2919
8	6	2.888889	-0.211545	0.01901481	0.09048371	97447.72	320.2845
8	8	2.888889	0	0	0	97335.64	320
8	10	2.888889	0	0	0	97342.02	320
8	12	2.888889	-0.1986748	-0.002374762	0.06964001	97484.39	320.2967
8	14	2.888889	-0.1872296	-0.00555853	0.06531965	97488.26	320.2896
8	16	2.888889	-0.1796744	-0.003933179	0.06042794	97490.53	320.2729
8	17.9	2.888889	-0.06436451	0.001126796	0.01937467	97491.53	320.215
10	0.1	2.888889	-0.1302917	0.004802437	0.08173689	97458.65	320.2225
10	2	2.888889	-0.2290801	0.02030308	0.1251612	97459.41	320.265
10	4	2.888889	-0.2469665	0.01866517	0.1178456	97461.14	320.2524
10	6	2.888889	-0.2607594	0.009029796	0.1216785	97463.07	320.2349
10	8	2.888889	0	0	0	97337.71	320
10	10	2.888889	0	0	0	97344.02	320
10	12	2.888889	-0.2510221	0.007080288	0.09936693	97500.83	320.3185
10	14	2.888889	-0.2329222	0.006713368	0.09071435	97503.63	320.3314
10	16	2.888889	-0.220406	0.003550578	0.08253776	97505.29	320.3218
10	17.9	2.888889	-0.07921826	0.001458067	0.02633785	97506	320.2523
12	0.1	2.888889	-0.1635773	0.003117293	0.09835454	97472.02	320.3919
12	2	2.888889	-0.2965501	0.008319346	0.1626808	97473.03	320.3955
12	4	2.888889	-0.3049263	0.002833681	0.1619138	97475.56	320.3505
12	6	2.888889	-0.3278077	-0.01403686	0.1716358	97479.25	320.3348
12	8	2.888889	0.05563193	0.01891406	0.09953273	97493.23	320.1616
12	10	2.888889	0.05266619	-0.04989156	0.08971862	97508.17	320.2153
12	12	2.888889	-0.329505	0.03985948	0.1514141	97513.84	320.5024
12	14	2.888889	-0.2772646	0.02793008	0.1339697	97516.46	320.576
12	16	2.888889	-0.257437	0.01651544	0.1201518	97518.02	320.5493
12	17.9	2.888889	-0.1008633	0.002200666	0.04180279	97518.54	320.4758
14	0.1	2.888889	-0.1910561	0.002430334	0.1505358	97483.59	320.2354
14	2	2.888889	-0.3642466	0.0126464	0.2645836	97484.77	320.2563
14	4	2.888889	-0.3533819	-0.00621562	0.2591876	97488.09	320.2651
14	6	2.888889	-0.3479139	-0.0546869	0.2713948	97494.34	320.2661
14	8	2.888889	-0.1295488	-0.06769758	0.329532	97508.55	320.3221
14	10	2.888889	-0.1383969	0.1350261	0.3220656	97518.33	320.3882
14	12	2.888889	-0.3282361	0.1019153	0.2537552	97522.44	320.3741
14	14	2.888889	-0.3076092	0.05548776	0.2201709	97525.92	320.4237
14	16	2.888889	-0.2875307	0.04214095	0.197276	97527.62	320.4045
14	17.9	2.888889	-0.120011	0.004081292	0.07355817	97528.03	320.3136
16	0.1	2.888889	-0.2073029	0.00211511	0.3375492	97491.63	320.2181
16	2	2.888889	-0.3732421	0.06843103	0.5424922	97492.53	320.2704
16	4	2.888889	-0.334161	-0.0162083	0.4900415	97496.13	320.2862
16	6	2.888889	-0.3201316	0.01190572	0.4957943	97502.47	320.2883
16	8	2.888889	-0.2874035	-0.01487829	0.5362574	97512.34	320.3271
16	10	2.888889	-0.2524218	0.06559137	0.4806109	97520.63	320.3962
16	12	2.888889	-0.3143492	0.08222889	0.4924833	97526.85	320.3968
16	14	2.888889	-0.2661155	0.06453798	0.4111721	97531.22	320.4528
16	16	2.888889	-0.2773918	0.1213919	0.4098191	97533.13	320.433
16	17.9	2.888889	-0.08005854	0.0109379	0.09903601	97533.26	320.3363
17.9	0.1	2.888889	0	0	0	97493.76	320.1778
17.9	2	2.888889	0.02184753	0.05917157	0.1746022	97493.48	320.2167
17.9	4	2.888889	0.01980412	-0.04696015	0.2277798	97497.68	320.2322
17.9	6	2.888889	0.03440143	0.0883306	0.1891671	97503.45	320.2321
17.9	8	2.888889	0.02956494	-0.03247598	0.2220812	97512.48	320.2624
17.9	10	2.888889	0.02258437	0.06348561	0.103941	97520.65	320.3276
17.9	12	2.888889	0.02602241	0.02874005	0.2731716	97526.73	320.3141
17.9	14	2.888889	0.001136731	0.001954291	0.09740176	97531.7	320.3687
17.9	16	2.888889	0.02222626	0.09491794	0.1221562	97533.13	320.3465
17.9	17.9	2.888889	0.004938795	0.0230892	0.03790514	97533.72	320.2124
0.1	0.1	4.333333	0.0001351337	0.002097332	0.01847007	97411.75	320.1813
0.1	2	4.333333	0.0001297078	0.002667663	0.02508515	97412.61	320.2738
0.1	4	4.333333	0.0001657143	0.003667212	0.01637745	97415.03	320.2917
0.1	6	4.333333	0.0002020515	0.002651496	0.01052318	97419.05	320.282
0.1	8	4.333333	0.0005848325	0.00163256	0.02049347	97425.92	320.28
0.1	10	4.333333	0.0005378931	-0.001733629	0.01748279	97433.53	320.2689
0.1	12	4.333333	0.0005791601	-0.005407674	0.02155318	97441.74	320.2339
0.1	14	4.333333	0.0005784259	-0.005387771	0.02414813	97449.09	320.2491
0.1	16	4.333333	0.0003658471	-0.004623053	0.01785568	97453.38	320.227
0.1	17.9	4.333333	0	0	0	97455.09	320.1779
2	0.1	4.333333	-0.02098816	0.002816406	0.0276867	97413.81	320.2695
2	2	4.333333	-0.05232596	0.01150586	0.0677743	97414.7	320.3383
2	4	4.333333	-0.04733638	0.01808236	0.06329724	97417.05	320.3604
2	6	4.333333	-0.04055149	0.01896342	0.0577522	97420.94	320.352
2	8	4.333333	-0.03177294	0.007692592	0.05171877	97427.72	320.3455
2	10	4.333333	-0.03073532	-0.005261662	0.04877628	97435.52	320.3285
2	12	4.333333	-0.03609382	-0.0140618	0.0483208	97444.08	320.2839
2	14	4.333333	-0.04041727	-0.01304307	0.04788363	97451.64	320.2968
2	16	4.333333	-0.04219862	-0.008498315	0.04655155	97455.89	320.2773
2	17.9	4.333333	-0.02469716	0.001407611	0.02645267	97457.55	320.2148
4	0.1	4.333333	-0.04315064	0.003300712	0.03639201	97420.34	320.2755
4	2	4.333333	-0.1052563	0.01784413	0.08400004	97421.19	320.3457
4	4	4.333333	-0.09626712	0.02630584	0.07427791	97423.23	320.3689
4	6	4.333333	-0.08356401	0.03276982	0.06408533	97426.55	320.3616
4	8	4.333333	-0.05294538	0.01885742	0.04869968	97432.66	320.3557
4	10	4.333333	-0.05096767	-0.01378068	0.04491676	97441.06	320.337
4	12	4.333333	-0.0745885	-0.02428786	0.051312	97451.2	320.2882
4	14	4.333333	-0.08401537	-0.01596525	0.05333764	97459.25	320.2997
4	16	4.333333	-0.08511424	-0.009199627	0.05195931	97463.36	320.282
4	17.9	4.333333	-0.04885379	0.001308604	0.02920395	97464.91	320.2182
6	0.1	4.333333	-0.06116576	0.004154568	0.05165197	97430.64	320.2672
6	2	4.333333	-0.1489061	0.02713662	0.1117617	97431.44	320.3342
6	4	4.333333	-0.1442861	0.03303348	0.09327827	97433.17	320.3571
6	6	4.333333	-0.151838	0.04474507	0.08360469	97435.56	320.3517
6	8	4.333333	0.001631019	0.02319306	0.02141533	97436.88	320.2786
6	10	4.333333	0.003175191	-0.01602091	0.01754327	97446.05	320.2668
6	12	4.333333	-0.1395504	-0.03925658	0.06322621	97463.86	320.2745
6	14	4.333333	-0.1305708	-0.01631827	0.06460954	97471.39	320.2877
6	16	4.333333	-0.1278936	-0.008645327	0.06177483	97474.9	320.2724
6	17.9	4.333333	-0.07241991	0.001332895	0.03418107	97476.23	320.2106
8	0.1	4.333333	-0.06657634	0.003794141	0.05691525	97443.58	320.232
8	2	4.333333	-0.1762138	0.026576	0.1333293	97444.41	320.2879
8	4	4.333333	-0.1842599	0.02950446	0.1163222	97446.09	320.3053
8	6	4.333333	-0.1906735	0.02488065	0.1170774	97448.34	320.2983
8	8	4.333333	0	0	0	97365.69	320.0006
8	10	4.333333	0	0	0	97367.09	320.0005
8	12	4.333333	-0.181416	-0.01079153	0.09317856	97481.75	320.2723
8	14	4.333333	-0.1735152	-0.01125791	0.08358797	97486.26	320.2702
8	16	4.333333	-0.1677016	-0.005521374	0.07752919	97488.94	320.2604
8	17.9	4.333333	-0.09483229	0.001558916	0.04234929	97489.93	320.2051
10	0.1	4.333333	-0.08120251	0.002813705	0.06073156	97457.67	320.218
10	2	4.333333	-0.2142447	0.01516698	0.1495649	97458.61	320.2623
10	4	4.333333	-0.2246232	0.01974582	0.1447288	97460.59	320.2585
10	6	4.333333	-0.2335803	0.01955516	0.153762	97463.24	320.2419
10	8	4.333333	0	0	0	97370.38	320.0006
10	10	4.333333	0	0	0	97371.23	320.0006
10	12	4.333333	-0.2252952	-0.005530267	0.1275202	97497.56	320.292
10	14	4.333333	-0.2115138	-0.001839159	0.1124794	97501.27	320.3188
10	16	4.333333	-0.2016092	0.000546054	0.1026938	97503.41	320.3106
10	17.9	4.333333	-0.1141426	0.001982144	0.05536319	97504.15	320.2437
12	0.1	4.333333	-0.06555165	0.001457635	0.05238828	97470.78	320.3205
12	2	4.333333	-0.2563643	0.007864529	0.190315	97471.92	320.3604
12	4	4.333333	-0.2629893	0.008411673	0.1905356	97474.48	320.3134
12	6	4.333333	-0.2803656	0.005878023	0.2054289	97478.36	320.2831
12	8	4.333333	0.03649949	0.005038026	0.1067692	97491.11	320.1558
12	10	4.333333	0.03244202	-0.01837639	0.08723573	97504.42	320.1948
12	12	4.333333	-0.2803807	0.02063075	0.1845183	97510.57	320.475
12	14	4.333333	-0.2407284	0.01580602	0.1575045	97514.09	320.5315
12	16	4.333333	-0.2253702	0.0111078	0.142114	97516.09	320.4986
12	17.9	4.333333	-0.1499967	0.003164194	0.08990774	97516.68	320.4047
14	0.1	4.333333	-0.0840975	0.00144017	0.09045543	97482.04	320.2342
14	2	4.333333	-0.2779955	0.007976573	0.2798797	97483.3	320.2558
14	4	4.333333	-0.2742415	0.0003432452	0.2771552	97486.5	320.2501
14	6	4.333333	-0.2754732	-0.02802546	0.2961197	97492.36	320.2532
14	8	4.333333	-0.1167744	-0.05082615	0.4082462	97505.17	320.3204
14	10	4.333333	-0.1237811	0.09572667	0.4038903	97514.63	320.3798
14	12	4.333333	-0.2580501	0.06947764	0.2798274	97519.55	320.3708
14	14	4.333333	-0.2421954	0.03802605	0.2343256	97523.67	320.4218
14	16	4.333333	-0.2260907	0.02737173	0.2107207	97525.72	320.4029
14	17.9	4.333333	-0.1410959	0.004430532	0.1255259	97526.25	320.312
16	0.1	4.333333	-0.0798434	0.001950484	0.1718	97489.7	320.2195
16	2	4.333333	-0.2221549	0.02360088	0.4384334	97490.88	320.2507
16	4	4.333333	-0.206926	0.003450791	0.4157207	97494.38	320.2703
16	6	4.333333	-0.1943437	-0.001081588	0.4212682	97500.49	320.2801
16	8	4.333333	-0.1673246	0.001308457	0.4427396	97509.88	320.333
16	10	4.333333	-0.1633531	0.0449961	0.4281944	97518.08	320.3901
16	12	4.333333	-0.1806808	0.05743625	0.397267	97524.53	320.397
16	14	4.333333	-0.1768403	0.05195969	0.3526321	97529.34	320.4538
16	16	4.333333	-0.1666437	0.05532939	0.3237031	97531.55	320.4341
16	17.9	4.333333	-0.08533321	0.007222074	0.1607569	97532.01	320.3365
17.9	0.1	4.333333	0	0	0	97492.16	320.1648
17.9	2	4.333333	-0.001151556	0.02355705	0.3219598	97493.09	320.2019
17.9	4	4.333333	-0.001571775	-0.001392842	0.3347999	97496.64	320.2209
17.9	6	4.333333	0.00301445	0.02015883	0.3851355	97502.49	320.2278
17.9	8	4.333333	0.001980861	0.004807543	0.3001216	97511.33	320.2703
17.9	10	4.333333	0.002822268	0.02571893	0.3084163	97519.16	320.3185
17.9	12	4.333333	0.001138411	0.02881818	0.2714594	97525.74	320.3152
17.9	14	4.333333	-0.00117197	0.02140123	0.2095234	97530.76	320.3701
17.9	16	4.333333	0.002175949	0.05120879	0.2422754	97532.95	320.3478
17.9	17.9	4.333333	0.0004607326	0.0107225	0.1803464	97533.42	320.2124
0.1	0.1	5.777778	0.0004719612	0.003090917	0.03443925	97412.02	320.1813
0.1	2	5.777778	0.0004252684	0.002407807	0.03754181	97412.94	320.2755
0.1	4	5.777778	0.0004076816	0.004014875	0.02824486	97415.52	320.2921
0.1	6	5.777778	0.0004283903	0.003275039	0.02151221	97419.7	320.2811
0.1	8	5.777778	0.0008349727	0.0006655385	0.0327319	97426.61	320.2747
0.1	10	5.777778	0.0007889452	-0.002915614	0.02895416	97434.05	320.2693
0.1	12	5.777778	0.0007661988	-0.006467372	0.0297752	97441.92	320.2335
0.1	14	5.777778	0.0008923412	-0.007301757	0.03605284	97448.94	320.2509
0.1	16	5.777778	0.0006039846	-0.006211524	0.02705481	97453.02	320.2291
0.1	17.9	5.777778	0	0	0	97454.63	320.1803
2	0.1	5.777778	-0.02144454	0.003200722	0.04019779	97414.11	320.2726
2	2	5.777778	-0.04448922	0.00884902	0.08179064	97415.06	320.3414
2	4	5.777778	-0.04143658	0.01425723	0.07837819	97417.56	320.3611
2	6	5.777778	-0.03696507	0.01443463	0.07331126	97421.67	320.3503
2	8	5.777778	-0.03137708	0.003912969	0.0673537	97428.59	320.3392
2	10	5.777778	-0.0307593	-0.006443096	0.06389094	97436.17	320.3262
2	12	5.777778	-0.03415918	-0.01458154	0.06234814	97444.25	320.2831
2	14	5.777778	-0.03725357	-0.01409888	0.06041823	97451.44	320.298
2	16	5.777778	-0.0390551	-0.01007154	0.05762395	97455.48	320.2776
2	17.9	5.777778	-0.01956185	0.001094162	0.02737797	97457.07	320.2136
4	0.1	5.777778	-0.04377949	0.003436297	0.04839077	97420.62	320.275
4	2	5.777778	-0.08942549	0.01213802	0.09646954	97421.52	320.3447
4	4	5.777778	-0.08457832	0.01954024	0.09024751	97423.88	320.3661
4	6	5.777778	-0.07626658	0.02287553	0.08092439	97427.72	320.3562
4	8	5.777778	-0.061449	0.01021709	0.06582125	97434.52	320.3444
4	10	5.777778	-0.06013807	-0.01076447	0.06171404	97442.48	320.3271
4	12	5.777778	-0.0710728	-0.02079305	0.06699479	97451.3	320.2753
4	14	5.777778	-0.07744829	-0.01671253	0.06747718	97458.8	320.2888
4	16	5.777778	-0.07887261	-0.0108958	0.06443439	97462.71	320.2724
4	17.9	5.777778	-0.03851653	0.0009928029	0.03027441	97464.23	320.2104
6	0.1	5.777778	-0.06326594	0.00369773	0.05966316	97430.8	320.2672
6	2	5.777778	-0.1298314	0.01548854	0.1178367	97431.7	320.3342
6	4	5.777778	-0.1273874	0.02432132	0.1088579	97433.87	320.3554
6	6	5.777778	-0.122952	0.03512672	0.09681029	97437.45	320.3468
6	8	5.777778	-0.09918787	0.02368733	0.04571126	97444.52	320.3358
6	10	5.777778	-0.0975279	-0.02093746	0.04206344	97453.08	320.3168
6	12	5.777778	-0.1161251	-0.03225866	0.07761945	97462.92	320.2635
6	14	5.777778	-0.1186833	-0.01840411	0.07990865	97470.3	320.2759
6	16	5.777778	-0.1177924	-0.01098365	0.07577582	97473.84	320.2617
6	17.9	5.777778	-0.05668069	0.0009668837	0.0351597	97475.21	320.2018
8	0.1	5.777778	-0.0775272	0.003588266	0.06926408	97443.45	320.2352
8	2	5.777778	-0.1625272	0.01524772	0.1395648	97444.39	320.2939
8	4	5.777778	-0.1649371	0.02439747	0.1322986	97446.61	320.3125
8	6	5.777778	-0.1646704	0.04203746	0.127497	97450.36	320.304
8	8	5.777778	-0.1515182	0.0355036	0.05031747	97458.88	320.2955
8	10	5.777778	-0.1493705	-0.02856382	0.0470845	97468.09	320.2788
8	12	5.777778	-0.1580372	-0.03910327	0.1032578	97477.88	320.2455
8	14	5.777778	-0.1557831	-0.01674131	0.09907367	97484.3	320.2491
8	16	5.777778	-0.1522551	-0.009208817	0.0926045	97487.33	320.2388
8	17.9	5.777778	-0.07321756	0.001078096	0.04270642	97488.47	320.1878
10	0.1	5.777778	-0.09030565	0.003164031	0.08051773	97457.14	320.2133
10	2	5.777778	-0.1915662	0.01146428	0.1642758	97458.17	320.2606
10	4	5.777778	-0.1967737	0.02037805	0.1619114	97460.63	320.2659
10	6	5.777778	-0.201376	0.0445034	0.1612525	97464.73	320.2496
10	8	5.777778	-0.1961948	0.04332887	0.06395219	97473.52	320.2588
10	10	5.777778	-0.1936778	-0.03179776	0.05983651	97482.91	320.2902
10	12	5.777778	-0.1934809	-0.0399379	0.1348346	97492.73	320.2624
10	14	5.777778	-0.1845046	-0.0107332	0.1270284	97498.66	320.2999
10	16	5.777778	-0.1776954	-0.005010728	0.1176643	97501.33	320.2928
10	17.9	5.777778	-0.08574195	0.001338868	0.05396262	97502.28	320.2295
12	0.1	5.777778	-0.08148908	0.002266605	0.08267248	97469.77	320.3362
12	2	5.777778	-0.2110091	0.007765234	0.2036471	97470.94	320.363
12	4	5.777778	-0.2165866	0.0133416	0.2046075	97473.81	320.3245
12	6	5.777778	-0.230716	0.03512868	0.2105737	97478.58	320.2989
12	8	5.777778	-0.2630419	0.04327675	0.1145514	97487.36	320.3817
12	10	5.777778	-0.2623222	-0.02591117	0.1070324	97496.56	320.4286
12	12	5.777778	-0.2219067	-0.02357837	0.18322	97505.66	320.4572
12	14	5.777778	-0.1980743	0.001546158	0.1670704	97511.17	320.5332
12	16	5.777778	-0.187753	0.002317988	0.1532327	97513.7	320.5032
12	17.9	5.777778	-0.1041676	0.002037258	0.08064549	97514.49	320.4191
14	0.1	5.777778	-0.07842609	0.001990601	0.1088882	97480.5	320.2289
14	2	5.777778	-0.2021441	0.006377447	0.2677239	97481.78	320.2535
14	4	5.777778	-0.2034119	0.005976108	0.2683023	97485.08	320.2429
14	6	5.777778	-0.2118659	0.002507558	0.2784466	97490.72	320.2496
14	8	5.777778	-0.2374638	0.01016235	0.3055591	97500.01	320.2995
14	10	5.777778	-0.2362135	0.02138252	0.3003332	97508.48	320.3538
14	12	5.777778	-0.2022483	0.02077992	0.2548399	97515.63	320.3593
14	14	5.777778	-0.1808038	0.01735331	0.2231703	97520.81	320.4128
14	16	5.777778	-0.1703794	0.01210378	0.2030925	97523.28	320.3951
14	17.9	5.777778	-0.09534401	0.00273915	0.1082572	97523.99	320.3055
16	0.1	5.777778	-0.05868487	0.002280156	0.16282	97487.73	320.2233
16	2	5.777778	-0.134181	0.009691464	0.3488662	97489.02	320.2465
16	4	5.777778	-0.1312404	0.006510199	0.3433275	97492.56	320.2689
16	6	5.777778	-0.1277747	0.002544514	0.3470509	97498.39	320.2845
16	8	5.777778	-0.1197494	0.007638636	0.3566397	97506.98	320.3313
16	10	5.777778	-0.1185938	0.02376096	0.3474215	97514.86	320.3879
16	12	5.777778	-0.1181621	0.03069512	0.3176367	97521.55	320.3902
16	14	5.777778	-0.1131092	0.02814824	0.2850299	97526.77	320.4472
16	16	5.777778	-0.1065911	0.02225709	0.2602958	97529.25	320.428
16	17.9	5.777778	-0.05340333	0.003350977	0.1227265	97529.94	320.3309
17.9	0.1	5.777778	0	0	0	97490.09	320.1609
17.9	2	5.777778	-0.003406683	0.005850104	0.1921388	97491.36	320.1999
17.9	4	5.777778	-0.003635253	0.0052703	0.2241934	97494.94	320.222
17.9	6	5.777778	-0.002999134	0.005913482	0.2537843	97500.73	320.2324
17.9	8	5.777778	-0.00143038	0.005139883	0.1848084	97508.98	320.2683
17.9	10	5.777778	-0.001602384	0.01222742	0.1950352	97516.63	320.3195
17.9	12	5.777778	-0.001883925	0.01537451	0.1789975	97523.28	320.3105
17.9	14	5.777778	-0.001803071	0.01058122	0.1143546	97528.5	320.3641
17.9	16	5.777778	-0.002096906	0.0165574	0.1434566	97531.02	320.3425
17.9	17.9	5.777778	-0.001821607	0.003759138	0.1227574	97531.64	320.207
0.1	0.1	7.222222	0.001188961	0.004303124	0.05277114	97412.27	320.1862
0.1	2	7.222222	0.001023049	0.002430463	0.05093097	97413.27	320.2818
0.1	4	7.222222	0.0009575915	0.004424833	0.0427034	97415.99	320.2971
0.1	6	7.222222	0.0009275254	0.003529594	0.03551628	97420.33	320.2834
0.1	8	7.222222	0.001413071	-0.0009026533	0.04746901	97427.27	320.2713
0.1	10	7.222222	0.001354258	-0.005035391	0.04326484	97434.55	320.275
0.1	12	7.222222	0.001169379	-0.008498292	0.03754663	97442.05	320.2385
0.1	14	7.222222	0.001498637	-0.01098539	0.04850779	97448.74	320.2584
0.1	16	7.222222	0.001031389	-0.008976814	0.03631359	97452.63	320.2363
0.1	17.9	7.222222	0	0	0	97454.12	320.1858
2	0.1	7.222222	-0.02127758	0.003858843	0.05400506	97414.41	320.2796
2	2	7.222222	-0.03614376	0.007298972	0.09074266	97415.41	320.3485
2	4	7.222222	-0.03411467	0.01147946	0.08945012	97418.1	320.3656
2	6	7.222222	-0.03138518	0.01055498	0.08616912	97422.4	320.3511
2	8	7.222222	-0.02818758	0.0001659002	0.08156887	97429.4	320.3343
2	10	7.222222	-0.02799327	-0.008501783	0.07788758	97436.75	320.3284
2	12	7.222222	-0.03014279	-0.01665605	0.07424282	97444.38	320.2882
2	14	7.222222	-0.03254814	-0.01692253	0.06927316	97451.19	320.3058
2	16	7.222222	-0.03483898	-0.01303362	0.06386953	97455.05	320.2847
2	17.9	7.222222	-0.01372646	0.0007119336	0.02317227	97456.57	320.2185
4	0.1	7.222222	-0.04539964	0.004015456	0.06363342	97420.89	320.2785
4	2	7.222222	-0.07540614	0.009531347	0.1059881	97421.89	320.3476
4	4	7.222222	-0.07234056	0.01497379	0.1036601	97424.48	320.3663
4	6	7.222222	-0.06754849	0.01503336	0.09781295	97428.7	320.3527
4	8	7.222222	-0.06161235	0.003075975	0.08887301	97435.84	320.334
4	10	7.222222	-0.06100209	-0.01047276	0.08455496	97443.42	320.3201
4	12	7.222222	-0.06521481	-0.02029535	0.08343118	97451.3	320.2712
4	14	7.222222	-0.06948466	-0.01972091	0.07894679	97458.32	320.2881
4	16	7.222222	-0.0714718	-0.01435886	0.07216968	97462.06	320.2722
4	17.9	7.222222	-0.02702873	0.0006087217	0.02575408	97463.55	320.21
6	0.1	7.222222	-0.06829425	0.004174582	0.07551458	97430.91	320.27
6	2	7.222222	-0.1135892	0.01155134	0.1251861	97431.91	320.3367
6	4	7.222222	-0.1116106	0.01844803	0.1218918	97434.47	320.3554
6	6	7.222222	-0.1076406	0.02114673	0.1130629	97438.72	320.3426
6	8	7.222222	-0.1008292	0.008051777	0.09509115	97446.17	320.3232
6	10	7.222222	-0.09971267	-0.01348009	0.09021311	97454.11	320.3079
6	12	7.222222	-0.1040589	-0.02492743	0.09566507	97462.22	320.2553
6	14	7.222222	-0.106906	-0.02195998	0.0921176	97469.26	320.2694
6	16	7.222222	-0.1071395	-0.01513417	0.08410998	97472.77	320.2575
6	17.9	7.222222	-0.03970286	0.0005551628	0.02963425	97474.17	320.199
8	0.1	7.222222	-0.08659941	0.004142556	0.08726868	97443.29	320.2434
8	2	7.222222	-0.1457117	0.01194045	0.1455044	97444.31	320.304
8	4	7.222222	-0.1461258	0.01973289	0.1427849	97446.96	320.3215
8	6	7.222222	-0.1449624	0.02563456	0.1333461	97451.42	320.3089
8	8	7.222222	-0.1407537	0.0130176	0.1076197	97459.36	320.2903
8	10	7.222222	-0.1391462	-0.01540279	0.1019277	97467.61	320.2805
8	12	7.222222	-0.1401992	-0.02744554	0.1131489	97475.73	320.2403
8	14	7.222222	-0.1392341	-0.02174973	0.1092278	97482.52	320.249
8	16	7.222222	-0.1372069	-0.01434809	0.09983995	97485.73	320.2324
8	17.9	7.222222	-0.05081383	0.0005944724	0.0351506	97486.98	320.177
10	0.1	7.222222	-0.09899929	0.003919452	0.1009143	97456.56	320.2207
10	2	7.222222	-0.1685171	0.01058175	0.1691839	97457.65	320.2747
10	4	7.222222	-0.1711928	0.01818774	0.1683379	97460.48	320.2852
10	6	7.222222	-0.1739457	0.02631544	0.1597608	97465.23	320.2686
10	8	7.222222	-0.1743117	0.01588325	0.12997	97473.42	320.258
10	10	7.222222	-0.1721151	-0.01459021	0.1234752	97481.77	320.278
10	12	7.222222	-0.1674319	-0.02518342	0.1375987	97489.8	320.2531
10	14	7.222222	-0.1608567	-0.01793401	0.1324049	97496.28	320.2924
10	16	7.222222	-0.15628	-0.01155842	0.1212758	97499.25	320.2855
10	17.9	7.222222	-0.05820107	0.000737494	0.04275651	97500.35	320.2241
12	0.1	7.222222	-0.09517659	0.003389109	0.1113022	97468.66	320.3727
12	2	7.222222	-0.1757174	0.008544058	0.200322	97469.84	320.3902
12	4	7.222222	-0.1796561	0.0141023	0.2015307	97472.98	320.3611
12	6	7.222222	-0.1871696	0.02081099	0.1973992	97478.12	320.3331
12	8	7.222222	-0.1968419	0.01479657	0.1728021	97486.34	320.3784
12	10	7.222222	-0.1941179	-0.008852413	0.1653502	97494.61	320.4423
12	12	7.222222	-0.1789849	-0.01519098	0.1736027	97502.31	320.4575
12	14	7.222222	-0.1649408	-0.0100058	0.1627578	97508.39	320.5519
12	16	7.222222	-0.1581816	-0.006622956	0.1489557	97511.25	320.5286
12	17.9	7.222222	-0.06502762	0.001083098	0.05784302	97512.2	320.4542
14	0.1	7.222222	-0.07893589	0.002897701	0.1245002	97478.95	320.2286
14	2	7.222222	-0.1560474	0.006863763	0.2401963	97480.22	320.2563
14	4	7.222222	-0.1584929	0.009112507	0.2423943	97483.58	320.2506
14	6	7.222222	-0.1644518	0.009454625	0.2443988	97489.03	320.2619
14	8	7.222222	-0.172635	0.008510472	0.2425724	97497.28	320.3022
14	10	7.222222	-0.170644	0.003962907	0.2351055	97505.18	320.357
14	12	7.222222	-0.1564435	0.001639149	0.219688	97512.29	320.3589
14	14	7.222222	-0.142444	0.0002966952	0.1988015	97517.98	320.4142
14	16	7.222222	-0.1354156	-0.0002440088	0.1814018	97520.73	320.3972
14	17.9	7.222222	-0.06133258	0.001550658	0.0783214	97521.59	320.3075
16	0.1	7.222222	-0.05196851	0.003090102	0.1599889	97485.8	320.2231
16	2	7.222222	-0.09455156	0.006714653	0.2801571	97487.13	320.2633
16	4	7.222222	-0.09512776	0.007454737	0.2807912	97490.63	320.2859
16	6	7.222222	-0.09591435	0.005825696	0.2830145	97496.23	320.2977
16	8	7.222222	-0.09463649	0.006908742	0.2834909	97504.22	320.3373
16	10	7.222222	-0.09337571	0.009357868	0.275119	97511.8	320.396
16	12	7.222222	-0.0897212	0.01061614	0.2555335	97518.58	320.3928
16	14	7.222222	-0.08342465	0.008212445	0.2304362	97524.05	320.4507
16	16	7.222222	-0.07909777	0.005031341	0.2115713	97526.75	320.4319
16	17.9	7.222222	-0.0319037	0.001710294	0.08023605	97527.55	320.3339
17.9	0.1	7.222222	0	0	0	97488	320.1737
17.9	2	7.222222	-0.001628595	0.002874365	0.1112173	97489.36	320.2145
17.9	4	7.222222	-0.002039835	0.004093844	0.1389801	97492.94	320.2357
17.9	6	7.222222	-0.002032783	0.004000756	0.1625936	97498.53	320.2427
17.9	8	7.222222	-0.001074079	0.002773085	0.1072122	97506.38	320.2724
17.9	10	7.222222	-0.001154632	0.004305397	0.1139547	97513.81	320.3297
17.9	12	7.222222	-0.001430895	0.006219755	0.1246942	97520.52	320.3135
17.9	14	7.222222	-0.0007139554	0.002051684	0.05046364	97525.88	320.3673
17.9	16	7.222222	-0.001114842	0.004684513	0.08456388	97528.56	320.3456
17.9	17.9	7.222222	-0.0007526089	0.001344022	0.05786034	97529.25	320.2087
0.1	0.1	8.666666	0.00102691	0.002396727	0.02857116	97412.45	320.1881
0.1	2	8.666666	0.001256895	0.001907751	0.03658418	97413.42	320.2837
0.1	4	8.666666	0.0009928311	0.002535398	0.02663528	97416.14	320.2975
0.1	6	8.666666	0.000793931	0.001518608	0.01955134	97420.49	320.2818
0.1	8	8.666666	0.001546108	-0.001543038	0.03538291	97427.38	320.2719
0.1	10	8.666666	0.001396896	-0.004291083	0.03083426	97434.52	320.2677
0.1	12	8.666666	0.001571083	-0.009027656	0.03443187	97441.88	320.2416
0.1	14	8.666666	0.001641072	-0.01054043	0.03703388	97448.39	320.2637
0.1	16	8.666666	0.001000774	-0.007712075	0.02563248	97452.22	320.2408
0.1	17.9	8.666666	0	0	0	97453.77	320.1889
2	0.1	8.666666	-0.01116435	0.00282494	0.03845165	97414.45	320.2817
2	2	8.666666	-0.02819509	0.008263625	0.09326838	97415.48	320.3499
2	4	8.666666	-0.02634644	0.01112306	0.09443553	97418.19	320.3648
2	6	8.666666	-0.02443367	0.00875236	0.0931911	97422.55	320.3474
2	8	8.666666	-0.02198626	-0.002083775	0.09014203	97429.51	320.3311
2	10	8.666666	-0.02212328	-0.01044076	0.08645196	97436.72	320.3223
2	12	8.666666	-0.0237705	-0.01984981	0.08148202	97444.14	320.292
2	14	8.666666	-0.02683686	-0.02206248	0.07314359	97450.7	320.3119
2	16	8.666666	-0.03063635	-0.01622303	0.06417229	97454.5	320.2896
2	17.9	8.666666	-0.01817272	0.0007942203	0.03277628	97456.01	320.2217
4	0.1	8.666666	-0.02690328	0.002992701	0.04603338	97420.72	320.2787
4	2	8.666666	-0.06347726	0.01063368	0.1114961	97421.78	320.3465
4	4	8.666666	-0.06071331	0.01405541	0.1133315	97424.45	320.3627
4	6	8.666666	-0.05747093	0.01154292	0.1111795	97428.8	320.3461
4	8	8.666666	-0.0542302	-0.0005505255	0.106277	97435.94	320.3273
4	10	8.666666	-0.05396445	-0.01186748	0.1017909	97443.27	320.3077
4	12	8.666666	-0.05674067	-0.02313426	0.0969862	97450.86	320.2708
4	14	8.666666	-0.06094789	-0.02616613	0.08657022	97457.53	320.2894
4	16	8.666666	-0.06437481	-0.0189888	0.07405339	97461.22	320.2725
4	17.9	8.666666	-0.03608138	0.0005729569	0.03703349	97462.69	320.2098
6	0.1	8.666666	-0.04306933	0.003126668	0.05422193	97430.48	320.2697
6	2	8.666666	-0.1009411	0.01257884	0.1306751	97431.59	320.3352
6	4	8.666666	-0.09901328	0.016946	0.1326212	97434.27	320.3517
6	6	8.666666	-0.09628287	0.01496164	0.1289943	97438.7	320.3357
6	8	8.666666	-0.09311976	0.001823305	0.1207525	97446.08	320.3156
6	10	8.666666	-0.0922686	-0.01342288	0.1153621	97453.6	320.2922
6	12	8.666666	-0.09447822	-0.02621814	0.1120266	97461.34	320.247
6	14	8.666666	-0.09696713	-0.02933117	0.1007459	97468.02	320.2655
6	16	8.666666	-0.09821992	-0.02084362	0.08602253	97471.55	320.2549
6	17.9	8.666666	-0.05363322	0.0004426707	0.04272868	97472.91	320.1973
8	0.1	8.666666	-0.05592484	0.003140267	0.06163129	97442.59	320.2483
8	2	8.666666	-0.1325361	0.01326876	0.1488596	97443.72	320.309
8	4	8.666666	-0.1323042	0.01831926	0.1510944	97446.48	320.3248
8	6	8.666666	-0.1314311	0.01732872	0.1465186	97451.09	320.3091
8	8	8.666666	-0.129546	0.00425803	0.135149	97458.76	320.2913
8	10	8.666666	-0.1282029	-0.01398551	0.1289797	97466.45	320.2817
8	12	8.666666	-0.1280551	-0.02719251	0.1273993	97474.22	320.2439
8	14	8.666666	-0.1273225	-0.02988198	0.1157394	97480.78	320.2495
8	16	8.666666	-0.1261861	-0.02082323	0.09975025	97484.11	320.2327
8	17.9	8.666666	-0.06861031	0.000458409	0.04987976	97485.34	320.1753
10	0.1	8.666666	-0.06362389	0.00305835	0.06953057	97455.54	320.2315
10	2	8.666666	-0.152887	0.01265349	0.1683818	97456.72	320.2888
10	4	8.666666	-0.1544132	0.01759382	0.1715099	97459.63	320.2998
10	6	8.666666	-0.1560344	0.01741505	0.167272	97464.46	320.2827
10	8	8.666666	-0.1563852	0.005898701	0.1547311	97472.34	320.2762
10	10	8.666666	-0.1547065	-0.0126846	0.1479805	97480.12	320.2849
10	12	8.666666	-0.1508669	-0.02479429	0.1466334	97487.78	320.2538
10	14	8.666666	-0.1460207	-0.02727247	0.1339766	97494.16	320.2865
10	16	8.666666	-0.1425579	-0.0188245	0.1168653	97497.3	320.2798
10	17.9	8.666666	-0.07771628	0.0006203922	0.0589849	97498.41	320.2196
12	0.1	8.666666	-0.04705742	0.002146856	0.05784973	97467.38	320.3257
12	2	8.666666	-0.1566918	0.01120626	0.191086	97468.64	320.3832
12	4	8.666666	-0.1595543	0.01502558	0.195379	97471.71	320.3592
12	6	8.666666	-0.1635553	0.01453657	0.1935511	97476.76	320.3273
12	8	8.666666	-0.166553	0.006110421	0.1834628	97484.73	320.3617
12	10	8.666666	-0.1647665	-0.008618026	0.1762183	97492.48	320.3965
12	12	8.666666	-0.1564269	-0.01808839	0.1719838	97500	320.4365
12	14	8.666666	-0.1474103	-0.02148495	0.1560947	97506.09	320.5176
12	16	8.666666	-0.1421364	-0.01474408	0.1375176	97509.14	320.4879
12	17.9	8.666666	-0.09090179	0.00107904	0.08201574	97510.15	320.3974
14	0.1	8.666666	-0.04478176	0.002205098	0.07132662	97477.45	320.2284
14	2	8.666666	-0.1359015	0.009462157	0.2150881	97478.73	320.2619
14	4	8.666666	-0.1385392	0.01165062	0.2198531	97481.98	320.2604
14	6	8.666666	-0.1423534	0.009852383	0.2212098	97487.23	320.2684
14	8	8.666666	-0.1452184	0.004890832	0.2180875	97495.13	320.3069
14	10	8.666666	-0.1434196	-0.002887636	0.2109666	97502.69	320.3505
14	12	8.666666	-0.1350399	-0.008832831	0.1989764	97509.83	320.3578
14	14	8.666666	-0.1254353	-0.01362214	0.1784467	97515.66	320.4135
14	16	8.666666	-0.119159	-0.009567497	0.1586286	97518.58	320.3972
14	17.9	8.666666	-0.07388477	0.001468848	0.09337588	97519.5	320.3074
16	0.1	8.666666	-0.0312707	0.002493916	0.09240641	97484.25	320.2226
16	2	8.666666	-0.08155899	0.007963099	0.2340536	97485.52	320.2759
16	4	8.666666	-0.08328438	0.009368218	0.2377166	97488.91	320.2969
16	6	8.666666	-0.08475032	0.00713877	0.2399032	97494.27	320.3052
16	8	8.666666	-0.08434708	0.004538087	0.2383493	97501.99	320.3438
16	10	8.666666	-0.08314063	0.00109621	0.2312268	97509.36	320.3915
16	12	8.666666	-0.07925256	-0.001896273	0.2160676	97516.21	320.3933
16	14	8.666666	-0.0736198	-0.006415794	0.1940994	97521.83	320.452
16	16	8.666666	-0.06891189	-0.004724983	0.1754358	97524.68	320.4335
16	17.9	8.666666	-0.03896925	0.001758837	0.09445471	97525.56	320.335
17.9	0.1	8.666666	0	0	0	97486.55	320.1826
17.9	2	8.666666	-0.00185881	0.004440744	0.1319192	97487.79	320.2246
17.9	4	8.666666	-0.002450433	0.006203836	0.1597479	97491.23	320.2445
17.9	6	8.666666	-0.002596552	0.005253884	0.178993	97496.62	320.2488
17.9	8	8.666666	-0.001743258	0.002768367	0.1325544	97504.2	320.2797
17.9	10	8.666666	-0.00181062	0.001803248	0.1377723	97511.51	320.3229
17.9	12	8.666666	-0.001623381	0.001140903	0.1171794	97518.23	320.3143
17.9	14	8.666666	-0.00124357	-0.001675377	0.08511958	97523.75	320.369
17.9	16	8.666666	-0.001226794	0.0006725027	0.1001314	97526.61	320.3475
17.9	17.9	8.666666	-0.001119935	0.002058063	0.09746866	97527.47	320.2099
0.1	0.1	10.11111	0.002963462	0.004238643	0.03981953	97412.66	320.1879
0.1	2	10.11111	0.00327492	0.003701917	0.04182234	97413.7	320.2824
0.1	4	10.11111	0.003004983	0.004094434	0.03545786	97416.53	320.2942
0.1	6	10.11111	0.00264287	0.002213756	0.0297467	97420.95	320.2757
0.1	8	10.11111	0.003986282	-0.003146583	0.04316203	97427.84	320.262
0.1	10	10.11111	0.003716912	-0.007409754	0.03925857	97434.86	320.274
0.1	12	10.11111	0.003394555	-0.01271208	0.03539433	97441.98	320.2465
0.1	14	10.11111	0.003741571	-0.01830211	0.04157677	97448.3	320.27
0.1	16	10.11111	0.001977192	-0.01300622	0.02786057	97451.95	320.2464
0.1	17.9	10.11111	0	0	0	97453.39	320.1931
2	0.1	10.11111	-0.006219767	0.004318316	0.0458444	97414.7	320.2806
2	2	10.11111	-0.01172085	0.01155381	0.09044755	97415.77	320.3474
2	4	10.11111	-0.008454244	0.01218156	0.09565825	97418.59	320.3597
2	6	10.11111	-0.006794122	0.007677842	0.09654275	97423.02	320.3391
2	8	10.11111	-0.004015699	-0.004508123	0.09502195	97429.99	320.3191
2	10	10.11111	-0.004738304	-0.01375649	0.09201135	97437.05	320.3253
2	12	10.11111	-0.00747872	-0.02571536	0.08605762	97444.2	320.2971
2	14	10.11111	-0.01317118	-0.03208577	0.07316995	97450.59	320.3184
2	16	10.11111	-0.02297731	-0.02484665	0.05674085	97454.21	320.2949
2	17.9	10.11111	-0.01209857	0.0002364396	0.02077078	97455.69	320.2253
4	0.1	10.11111	-0.02653383	0.005010236	0.05874357	97420.97	320.2758
4	2	10.11111	-0.04643023	0.01686814	0.1195851	97422.05	320.3422
4	4	10.11111	-0.04249176	0.01590113	0.1288648	97424.84	320.356
4	6	10.11111	-0.03953532	0.009796204	0.1303502	97429.3	320.3361
4	8	10.11111	-0.03773538	-0.003822298	0.1284001	97436.44	320.3123
4	10	10.11111	-0.03809845	-0.0155129	0.1246585	97443.58	320.3038
4	12	10.11111	-0.04108246	-0.03048572	0.1172029	97450.8	320.2723
4	14	10.11111	-0.04787674	-0.04156245	0.09758748	97457.27	320.2913
4	16	10.11111	-0.05514567	-0.03205868	0.06966452	97460.8	320.2725
4	17.9	10.11111	-0.02472653	-0.0001230724	0.02424483	97462.25	320.209
6	0.1	10.11111	-0.04896263	0.005359572	0.06884352	97430.63	320.2663
6	2	10.11111	-0.08752304	0.01997956	0.1395996	97431.73	320.3306
6	4	10.11111	-0.0852261	0.01891828	0.1505145	97434.55	320.3446
6	6	10.11111	-0.082957	0.01197385	0.1519714	97439.1	320.3251
6	8	10.11111	-0.08173764	-0.002723068	0.1490029	97446.44	320.2994
6	10	10.11111	-0.08148292	-0.01698634	0.1445448	97453.68	320.2838
6	12	10.11111	-0.08299907	-0.03401416	0.1362783	97460.94	320.2431
6	14	10.11111	-0.08667247	-0.04730498	0.1134633	97467.45	320.2619
6	16	10.11111	-0.08925453	-0.03615709	0.08095054	97470.88	320.2506
6	17.9	10.11111	-0.0377849	-0.0003284378	0.02805289	97472.25	320.1935
8	0.1	10.11111	-0.06611353	0.005441401	0.07616713	97442.5	320.2499
8	2	10.11111	-0.1201948	0.02108581	0.1538445	97443.64	320.3105
8	4	10.11111	-0.1196068	0.02027765	0.1652022	97446.53	320.3233
8	6	10.11111	-0.1188265	0.01328355	0.1664498	97451.23	320.3044
8	8	10.11111	-0.1181581	-0.001449599	0.1625175	97458.76	320.2874
8	10	10.11111	-0.1172693	-0.01732084	0.1575985	97466.11	320.2933
8	12	10.11111	-0.1167037	-0.03487517	0.149172	97473.36	320.2546
8	14	10.11111	-0.1167126	-0.04884451	0.1251622	97479.83	320.2529
8	16	10.11111	-0.1162148	-0.03702126	0.0912054	97483.09	320.2317
8	17.9	10.11111	-0.04878549	-0.0003604313	0.03219949	97484.39	320.1733
10	0.1	10.11111	-0.07562012	0.005393579	0.08292367	97455.14	320.2439
10	2	10.11111	-0.139405	0.02089636	0.1669837	97456.31	320.3023
10	4	10.11111	-0.1403407	0.0199723	0.1787274	97459.34	320.3099
10	6	10.11111	-0.141288	0.01318869	0.1801759	97464.2	320.2919
10	8	10.11111	-0.1413438	-0.0003220177	0.1759012	97471.87	320.2891
10	10	10.11111	-0.1398901	-0.01612201	0.1706962	97479.28	320.3029
10	12	10.11111	-0.1369906	-0.03288214	0.1618906	97486.47	320.2663
10	14	10.11111	-0.1333671	-0.04707851	0.1370368	97492.81	320.2854
10	16	10.11111	-0.1306267	-0.03563903	0.1025164	97495.94	320.2783
10	17.9	10.11111	-0.05503554	-0.0002641363	0.0370085	97497.13	320.2188
12	0.1	10.11111	-0.06803355	0.004710886	0.08045517	97466.61	320.3843
12	2	10.11111	-0.1421601	0.01966151	0.1800702	97467.84	320.425
12	4	10.11111	-0.1444772	0.01834293	0.192243	97471	320.4005
12	6	10.11111	-0.1469314	0.01178424	0.1946432	97476.06	320.3681
12	8	10.11111	-0.1474986	0.0005437816	0.1909743	97483.74	320.3975
12	10	10.11111	-0.145719	-0.0132964	0.1856578	97491.15	320.4283
12	12	10.11111	-0.1406682	-0.02807819	0.1758818	97498.29	320.4473
12	14	10.11111	-0.1335704	-0.04239542	0.1498194	97504.41	320.548
12	16	10.11111	-0.1288205	-0.03224518	0.1151165	97507.47	320.5177
12	17.9	10.11111	-0.06099886	-6.486214E-05	0.0474857	97508.55	320.439
14	0.1	10.11111	-0.05776794	0.004268827	0.08112099	97476.36	320.2307
14	2	10.11111	-0.1254665	0.01735888	0.1885303	97477.62	320.2717
14	4	10.11111	-0.1285077	0.01558983	0.2002167	97480.86	320.2737
14	6	10.11111	-0.1311079	0.009449161	0.2036517	97486.04	320.2778
14	8	10.11111	-0.1323193	0.001026478	0.2017167	97493.66	320.3108
14	10	10.11111	-0.1303648	-0.009671921	0.1963553	97500.96	320.3574
14	12	10.11111	-0.1248517	-0.02144616	0.1848284	97507.9	320.3592
14	14	10.11111	-0.1161426	-0.03497844	0.1584531	97513.78	320.4152
14	16	10.11111	-0.1082233	-0.02682282	0.1251152	97516.75	320.3991
14	17.9	10.11111	-0.05330412	0.0002916119	0.05607809	97517.74	320.3091
16	0.1	10.11111	-0.04007639	0.004298019	0.09090307	97482.89	320.2299
16	2	10.11111	-0.08003551	0.01340503	0.1844215	97484.16	320.2896
16	4	10.11111	-0.0835461	0.01247186	0.1930538	97487.52	320.3093
16	6	10.11111	-0.08546659	0.007506765	0.1962841	97492.75	320.3145
16	8	10.11111	-0.08574594	0.001444408	0.194433	97500.25	320.3478
16	10	10.11111	-0.0844581	-0.006598087	0.1891874	97507.47	320.3997
16	12	10.11111	-0.08078435	-0.01497119	0.1774524	97514.2	320.3956
16	14	10.11111	-0.07310036	-0.0252681	0.1542758	97519.9	320.4546
16	16	10.11111	-0.06389548	-0.0195886	0.1288624	97522.78	320.4362
16	17.9	10.11111	-0.02734077	0.0006999284	0.05279092	97523.7	320.3373
17.9	0.1	10.11111	0	0	0	97485.04	320.1918
17.9	2	10.11111	-0.001798858	0.00470291	0.07454709	97486.33	320.2348
17.9	4	10.11111	-0.002702694	0.006174914	0.09569211	97489.73	320.2539
17.9	6	10.11111	-0.003230939	0.004519344	0.1114477	97495	320.2558
17.9	8	10.11111	-0.002192404	0.001006692	0.07586667	97502.42	320.2814
17.9	10	10.11111	-0.002329638	-0.001858613	0.07986758	97509.57	320.3325
17.9	12	10.11111	-0.002357017	-0.004441926	0.08063037	97516.23	320.3165
17.9	14	10.11111	-0.001056245	-0.005248514	0.03971104	97521.8	320.3711
17.9	16	10.11111	-0.0009720118	-0.004784251	0.05485909	97524.66	320.3495
17.9	17.9	10.11111	-0.0005706901	0.0007996172	0.04234973	97525.5	320.211
0.1	0.1	11.55556	0.002084329	0.002204661	0.01072522	97412.83	320.1868
0.1	2	11.55556	0.003734837	0.00351677	0.01724081	97413.8	320.2804
0.1	4	11.55556	0.00287191	0.002612421	0.01239068	97416.58	320.291
0.1	6	11.55556	0.002007196	0.0009821595	0.008399119	97420.98	320.2713
0.1	8	11.55556	0.00448813	-0.002527224	0.01828481	97427.83	320.2629
0.1	10	11.55556	0.003960404	-0.005422403	0.0157799	97434.76	320.2682
0.1	12	11.55556	0.004912487	-0.01277195	0.01902937	97441.84	320.2495
0.1	14	11.55556	0.004349342	-0.01629342	0.01762777	97448.06	320.2747
0.1	16	11.55556	0.001849629	-0.01070139	0.009898719	97451.75	320.2506
0.1	17.9	11.55556	0	0	0	97453.24	320.1961
2	0.1	11.55556	0.001760117	0.00372149	0.02127941	97414.73	320.2787
2	2	11.55556	0.01223038	0.01924347	0.0803563	97415.78	320.3445
2	4	11.55556	0.01965749	0.0150306	0.08912741	97418.58	320.3555
2	6	11.55556	0.02202401	0.007919923	0.09104662	97423.02	320.3334
2	8	11.55556	0.02494375	-0.005341537	0.08974615	97429.92	320.3169
2	10	11.55556	0.02390796	-0.01557188	0.08797057	97436.91	320.3224
2	12	11.55556	0.02127325	-0.03050289	0.08319342	97444.01	320.3012
2	14	11.55556	0.009144338	-0.04487121	0.06860607	97450.27	320.3244
2	16	11.55556	-0.01474603	-0.03577728	0.04141399	97453.91	320.3
2	17.9	11.55556	-0.01446468	-0.0004333799	0.02189064	97455.36	320.2289
4	0.1	11.55556	-0.01371509	0.005157715	0.03244989	97420.83	320.2735
4	2	11.55556	-0.02794152	0.03226804	0.1338373	97421.91	320.3389
4	4	11.55556	-0.02040367	0.02058891	0.1500256	97424.7	320.3516
4	6	11.55556	-0.01641418	0.01012103	0.1524007	97429.17	320.3303
4	8	11.55556	-0.01596199	-0.00490995	0.1531867	97436.23	320.3081
4	10	11.55556	-0.01641378	-0.01770389	0.1504651	97443.27	320.2989
4	12	11.55556	-0.02078738	-0.03741606	0.1452051	97450.45	320.2751
4	14	11.55556	-0.0319427	-0.06455291	0.1202015	97456.74	320.2953
4	16	11.55556	-0.04652327	-0.05286919	0.05634715	97460.31	320.2749
4	17.9	11.55556	-0.03123645	-0.001530427	0.02588269	97461.71	320.2104
6	0.1	11.55556	-0.03062835	0.0056427	0.03783594	97430.31	320.2644
6	2	11.55556	-0.07767905	0.0372593	0.1518132	97431.45	320.3279
6	4	11.55556	-0.07446277	0.02432416	0.1706317	97434.26	320.341
6	6	11.55556	-0.07198717	0.01213093	0.1737927	97438.8	320.3197
6	8	11.55556	-0.07145426	-0.004198699	0.1739804	97446.04	320.2953
6	10	11.55556	-0.07145354	-0.01948867	0.1708097	97453.14	320.2806
6	12	11.55556	-0.07382394	-0.04206068	0.1643844	97460.4	320.2551
6	14	11.55556	-0.07854273	-0.073608	0.1353786	97466.68	320.2623
6	16	11.55556	-0.08290017	-0.06013701	0.06504262	97470.14	320.2491
6	17.9	11.55556	-0.04996516	-0.002050566	0.0296842	97471.47	320.1922
8	0.1	11.55556	-0.04281769	0.005754638	0.04081552	97441.98	320.251
8	2	11.55556	-0.1128237	0.03865919	0.1610384	97443.17	320.3109
8	4	11.55556	-0.1119398	0.0258168	0.1803603	97446.05	320.3219
8	6	11.55556	-0.1111766	0.01318773	0.1837505	97450.73	320.3011
8	8	11.55556	-0.1109286	-0.00330523	0.1834749	97458.13	320.2891
8	10	11.55556	-0.1102259	-0.02003518	0.1800327	97465.3	320.2977
8	12	11.55556	-0.1100757	-0.0432395	0.1730235	97472.55	320.2706
8	14	11.55556	-0.110389	-0.07605508	0.1429791	97478.8	320.2657
8	16	11.55556	-0.1104527	-0.06183603	0.0713733	97482.14	320.2289
8	17.9	11.55556	-0.06545824	-0.002155493	0.03331233	97483.38	320.171
10	0.1	11.55556	-0.04938213	0.005747458	0.04328522	97454.46	320.2509
10	2	11.55556	-0.1327659	0.03858214	0.16855	97455.68	320.3088
10	4	11.55556	-0.1334688	0.02565354	0.1880458	97458.66	320.3132
10	6	11.55556	-0.134218	0.01303848	0.1914891	97463.49	320.2945
10	8	11.55556	-0.1343109	-0.002359454	0.1908593	97471	320.299
10	10	11.55556	-0.1329321	-0.01900613	0.1873531	97478.23	320.3111
10	12	11.55556	-0.1304655	-0.04154246	0.180102	97485.44	320.2837
10	14	11.55556	-0.1273958	-0.0748004	0.1496056	97491.6	320.2854
10	16	11.55556	-0.124895	-0.06078185	0.07780384	97494.82	320.2753
10	17.9	11.55556	-0.07400411	-0.002039231	0.03725632	97495.95	320.2161
12	0.1	11.55556	-0.03218113	0.003645208	0.02945486	97465.8	320.3375
12	2	11.55556	-0.1371964	0.03749883	0.1746592	97467.08	320.4116
12	4	11.55556	-0.1396513	0.02450474	0.1941148	97470.12	320.3846
12	6	11.55556	-0.1417489	0.01227553	0.1978562	97475.03	320.3549
12	8	11.55556	-0.1417063	-0.001277911	0.1975829	97482.69	320.3992
12	10	11.55556	-0.1400651	-0.01648966	0.1940161	97489.91	320.409
12	12	11.55556	-0.1354935	-0.03722877	0.1868177	97497.11	320.4346
12	14	11.55556	-0.1290412	-0.07041477	0.156147	97503.13	320.5141
12	16	11.55556	-0.1238944	-0.05797406	0.08563571	97506.28	320.478
12	17.9	11.55556	-0.08631539	-0.002060771	0.04885429	97507.34	320.3816
14	0.1	11.55556	-0.03616156	0.004216965	0.03626657	97475.48	320.2345
14	2	11.55556	-0.12598	0.03428368	0.175338	97476.73	320.2809
14	4	11.55556	-0.1300388	0.02142427	0.1938145	97479.88	320.2821
14	6	11.55556	-0.1324386	0.01038585	0.1974322	97484.94	320.2805
14	8	11.55556	-0.1338162	-0.0005691662	0.1975758	97492.45	320.3138
14	10	11.55556	-0.1317801	-0.01354153	0.1940949	97499.64	320.3512
14	12	11.55556	-0.1270543	-0.03097983	0.1865263	97506.63	320.3578
14	14	11.55556	-0.1170191	-0.06204406	0.157042	97512.47	320.4141
14	16	11.55556	-0.1056296	-0.05122085	0.08919124	97515.52	320.3983
14	17.9	11.55556	-0.06801695	-0.001354242	0.05010542	97516.5	320.3083
16	0.1	11.55556	-0.0300616	0.004216943	0.03994572	97482.03	320.235
16	2	11.55556	-0.09725349	0.02479752	0.1509538	97483.27	320.2955
16	4	11.55556	-0.1049239	0.01682526	0.1639404	97486.53	320.3144
16	6	11.55556	-0.1075884	0.008429039	0.1670436	97491.66	320.3177
16	8	11.55556	-0.1081382	-1.754976E-05	0.166324	97499.04	320.3519
16	10	11.55556	-0.1067786	-0.01064828	0.1631464	97506.16	320.3938
16	12	11.55556	-0.1026588	-0.02353772	0.1553731	97512.92	320.3951
16	14	11.55556	-0.08997376	-0.04567356	0.1326171	97518.62	320.4545
16	16	11.55556	-0.06711788	-0.03690451	0.0849939	97521.59	320.4363
16	17.9	11.55556	-0.03692319	-0.0001864354	0.04718016	97522.55	320.3372
17.9	0.1	11.55556	0	0	0	97484.3	320.1961
17.9	2	11.55556	-0.005740487	0.01006171	0.07229376	97485.48	320.2396
17.9	4	11.55556	-0.008420021	0.01055411	0.09050974	97488.78	320.258
17.9	6	11.55556	-0.009691211	0.006317516	0.101698	97493.91	320.2584
17.9	8	11.55556	-0.007450667	0.0005665097	0.07751342	97501.22	320.2867
17.9	10	11.55556	-0.00785205	-0.005308237	0.08036115	97508.3	320.324
17.9	12	11.55556	-0.006503907	-0.009222347	0.06569224	97514.97	320.3162
17.9	14	11.55556	-0.004543955	-0.01629333	0.05053519	97520.58	320.3714
17.9	16	11.55556	-0.002332315	-0.01418624	0.05115888	97523.54	320.35
17.9	17.9	11.55556	-0.001188557	0.0006461372	0.04873227	97524.48	320.2113
0.1	0.1	12.9	0	0	0	97412.97	320.1852
0.1	2	12.9	0	0	0	97414.03	320.2224
0.1	4	12.9	0	0	0	97416.86	320.2273
0.1	6	12.9	0	0	0	97421.28	320.2131
0.1	8	12.9	0	0	0	97428.16	320.2034
0.1	10	12.9	0	0	0	97435.05	320.2169
0.1	12	12.9	0	0	0	97442.03	320.1996
0.1	14	12.9	0	0	0	97448.23	320.2159
0.1	16	12.9	0	0	0	97451.78	320.2013
0.1	17.9	12.9	0	0	0	97453.2	320.147
2	0.1	12.9	0	0	0	97415	320.2214
2	2	12.9	0.02687085	0.01664078	0.01827262	97416.09	320.2435
2	4	12.9	0.04074807	0.01044017	0.02357064	97418.91	320.2526
2	6	12.9	0.04788719	0.005419428	0.02650096	97423.34	320.2343
2	8	12.9	0.0362849	-0.002156258	0.01975565	97430.3	320.2215
2	10	12.9	0.03828257	-0.007878919	0.0209222	97437.23	320.2367
2	12	12.9	0.03618461	-0.01512898	0.02031256	97444.22	320.2134
2	14	12.9	0.02005747	-0.02105178	0.01365802	97450.45	320.2333
2	16	12.9	-0.003496958	-0.02515657	0.004605876	97453.98	320.2118
2	17.9	12.9	-0.009813788	-0.0007760484	0.002804223	97455.42	320.1162
4	0.1	12.9	0	0	0	97421.16	320.2174
4	2	12.9	-0.001538518	0.03453219	0.2003406	97422.23	320.2496
4	4	12.9	0.004168662	0.01369133	0.2036438	97425.05	320.2615
4	6	12.9	0.007314619	0.006378084	0.2032715	97429.48	320.243
4	8	12.9	0.006194605	-0.001932627	0.2049705	97436.63	320.223
4	10	12.9	0.006296816	-0.008385934	0.2045506	97443.59	320.2265
4	12	12.9	0.004610804	-0.01737702	0.2043611	97450.61	320.2023
4	14	12.9	-0.002068008	-0.0310107	0.2026065	97456.94	320.2184
4	16	12.9	-0.01789919	-0.04880156	0.007146363	97460.41	320.1934
4	17.9	12.9	-0.02210609	-0.002072661	0.003241636	97461.8	320.106
6	0.1	12.9	0	0	0	97430.64	320.2101
6	2	12.9	-0.03224599	0.03746096	0.2021551	97431.74	320.2414
6	4	12.9	-0.03517916	0.01531816	0.2065288	97434.57	320.2554
6	6	12.9	-0.03729681	0.007136311	0.2069906	97439.09	320.2379
6	8	12.9	-0.02711	-0.001342769	0.2077569	97446.41	320.2158
6	10	12.9	-0.02885928	-0.008172233	0.2075105	97453.44	320.226
6	12	12.9	-0.02945223	-0.01789095	0.207027	97460.48	320.2042
6	14	12.9	-0.02433693	-0.03443789	0.2038159	97466.84	320.1982
6	16	12.9	-0.03656303	-0.05373305	0.007695064	97470.19	320.1741
6	17.9	12.9	-0.03634194	-0.002588724	0.003557609	97471.54	320.0961
8	0.1	12.9	0	0	0	97442.28	320.201
8	2	12.9	-0.04960897	0.03806313	0.2026799	97443.41	320.2292
8	4	12.9	-0.05540984	0.01614946	0.207084	97446.31	320.2408
8	6	12.9	-0.05870637	0.007689863	0.2078278	97450.94	320.2252
8	8	12.9	-0.0424813	-0.0006659513	0.2086972	97458.41	320.2213
8	10	12.9	-0.0452552	-0.007665837	0.2082592	97465.5	320.2404
8	12	12.9	-0.0464062	-0.01801075	0.2073852	97472.53	320.215
8	14	12.9	-0.03625534	-0.03532093	0.2041297	97478.88	320.2087
8	16	12.9	-0.05022844	-0.05484256	0.007988189	97482.11	320.1605
8	17.9	12.9	-0.04808284	-0.002692921	0.003835987	97483.38	320.0893
10	0.1	12.9	0	0	0	97454.64	320.2037
10	2	12.9	-0.05941814	0.0380096	0.2030511	97455.81	320.2288
10	4	12.9	-0.06663714	0.016122	0.2074442	97458.79	320.2346
10	6	12.9	-0.07079305	0.007664148	0.208135	97463.59	320.2235
10	8	12.9	-0.05042772	-0.0001561691	0.2087847	97471.16	320.2315
10	10	12.9	-0.0545401	-0.006990894	0.2084305	97478.3	320.2507
10	12	12.9	-0.05570866	-0.01717519	0.2076473	97485.3	320.2242
10	14	12.9	-0.04265125	-0.03499487	0.2043585	97491.55	320.2196
10	16	12.9	-0.05768526	-0.05446935	0.00828166	97494.68	320.197
10	17.9	12.9	-0.05457649	-0.002593084	0.004119249	97495.84	320.1147
12	0.1	12.9	0	0	0	97465.81	320.285
12	2	12.9	-0.06976735	0.04179598	0.2026151	97467.03	320.3304
12	4	12.9	-0.08142804	0.01770542	0.2074128	97470.1	320.3165
12	6	12.9	-0.08824652	0.00806842	0.2079029	97475.02	320.3003
12	8	12.9	-0.06337818	0.0001545775	0.2083762	97482.64	320.3346
12	10	12.9	-0.06739692	-0.007159716	0.2081215	97489.8	320.3611
12	12	12.9	-0.06174729	-0.01620492	0.207805	97496.81	320.3445
12	14	12.9	-0.04814532	-0.03671612	0.2041264	97502.89	320.4228
12	16	12.9	-0.06477974	-0.05906809	0.009594951	97505.96	320.3724
12	17.9	12.9	-0.06440876	-0.002785284	0.005257956	97507.02	320.2281
14	0.1	12.9	0	0	0	97475.34	320.1891
14	2	12.9	-0.06613595	0.04080188	0.2020733	97476.56	320.2093
14	4	12.9	-0.07588609	0.01527678	0.206638	97479.74	320.2238
14	6	12.9	-0.08482822	0.007282241	0.2065681	97484.74	320.2199
14	8	12.9	-0.06614336	0.0001844004	0.2073181	97492.27	320.2325
14	10	12.9	-0.06900503	-0.006981983	0.2069875	97499.38	320.2659
14	12	12.9	-0.06109191	-0.01442017	0.206927	97506.23	320.2617
14	14	12.9	-0.04927207	-0.03728873	0.203201	97512.11	320.3045
14	16	12.9	-0.05675471	-0.0560022	0.009903021	97515.12	320.2818
14	17.9	12.9	-0.0549542	-0.002265292	0.005587955	97516.09	320.1588
16	0.1	12.9	0	0	0	97481.8	320.1915
16	2	12.9	-0.06902334	0.02698942	0.188715	97482.98	320.2157
16	4	12.9	-0.0896205	0.01200006	0.1882776	97486.23	320.2309
16	6	12.9	-0.1018246	0.005936911	0.1861724	97491.34	320.2318
16	8	12.9	-0.07720823	0.0001062035	0.1920109	97498.72	320.2541
16	10	12.9	-0.08123732	-0.005909351	0.1907291	97505.77	320.2945
16	12	12.9	-0.07698539	-0.01204664	0.1909742	97512.45	320.2846
16	14	12.9	-0.05122327	-0.02447376	0.1931864	97518.16	320.3316
16	16	12.9	-0.03620262	-0.03631491	0.007842599	97521.13	320.3078
16	17.9	12.9	-0.02863391	-0.000784346	0.004785297	97522.05	320.1722
17.9	0.1	12.9	0	0	0	97483.92	320.1476
17.9	2	12.9	-0.009299406	0.009922888	0.007893676	97485.16	320.1239
17.9	4	12.9	-0.01463245	0.009859416	0.01116005	97488.47	320.137
17.9	6	12.9	-0.01749277	0.005631228	0.01316966	97493.55	320.1349
17.9	8	12.9	-0.01131437	0.0001063114	0.00848039	97500.91	320.1481
17.9	10	12.9	-0.012458	-0.005103516	0.009229085	97507.91	320.1804
17.9	12	12.9	-0.0123362	-0.01015612	0.009063231	97514.53	320.1642
17.9	14	12.9	-0.004940955	-0.01023072	0.003854585	97520.18	320.1984
17.9	16	12.9	-0.002582007	-0.01449661	0.0051618	97523	320.1791
17.9	17.9	12.9	-0.0007011628	0.0001488484	0.003496706	97523.88	320.0125
